H://train_data/electrical/all_data/5_1/000037.jpg 715,478,1126,554,0
H://train_data/electrical/all_data/3_4/000007.jpg 801,406,855,439,0
H://train_data/electrical/all_data/5_2/000005_1.jpg 363,475,386,499,0 260,476,283,500,0 362,691,385,716,0 260,692,287,715,0
H://train_data/electrical/all_data/2_3/000004.jpg 1469,46,1539,79,0 784,43,842,82,0
H://train_data/electrical/all_data/5_1/000033.jpg 508,365,567,406,0 390,370,446,404,0 484,140,523,170,0 439,136,471,181,0
H://train_data/electrical/all_data/5_1/000016.jpg 280,304,325,345,0 81,204,132,270,0 250,1,296,50,0
H://train_data/electrical/all_data/5_1/000044.jpg 615,1,650,20,0 462,71,492,94,0 466,10,487,24,0 24,250,56,269,0 5,79,29,105,0
H://train_data/electrical/all_data/4_1/000004_2.jpg 214,326,273,368,0 61,123,111,159,0 572,182,631,224,0
H://train_data/electrical/all_data/4_2/000048.jpg 898,194,948,248,0 900,131,947,183,0 902,56,949,113,0 905,3,949,43,0 574,161,628,199,0 384,164,436,195,0 202,160,246,195,0 5,152,62,190,0
H://train_data/electrical/all_data/1_1/000004.jpg 467,103,529,133,0 328,96,390,129,0 189,93,246,133,0 46,98,103,133,0
H://train_data/electrical/all_data/1_1/000012.jpg 948,121,996,163,0 719,276,778,323,0 752,73,802,124,0 386,251,434,300,0 384,150,433,197,0 387,47,434,92,0 1,257,50,301,0 3,154,43,206,0 1,46,51,107,0
H://train_data/electrical/all_data/4_2/000024.jpg 234,593,303,670,0
H://train_data/electrical/all_data/4_2/000050.jpg 387,435,435,487,0 215,440,258,484,0 40,439,87,486,0 303,158,347,184,0
H://train_data/electrical/all_data/4_1/000005.jpg 593,215,618,278,0 653,223,672,279,0 215,136,230,186,0 163,140,186,192,0 59,676,82,732,0
H://train_data/electrical/all_data/3_2/000001.jpg 980,273,1030,368,0 596,271,651,366,0 292,273,359,370,0
H://train_data/electrical/all_data/5_1/000032.jpg 948,817,1004,882,0 805,817,865,878,0 944,625,1000,690,0 798,622,861,692,0 829,454,897,515,0 461,465,515,521,0 329,461,383,521,0
H://train_data/electrical/all_data/5_1/000005.jpg 1649,710,1762,771,0 1300,707,1407,772,0 1301,566,1411,630,0 1300,361,1407,415,0 1298,226,1407,288,0 3,201,109,251,0
H://train_data/electrical/all_data/4_1/000006_1.jpg 477,36,548,88,0 341,41,406,87,0
H://train_data/electrical/all_data/1_1/000052.jpg 299,157,376,233,0 6,169,86,235,0 300,67,378,134,0
H://train_data/electrical/all_data/4_2/000014.jpg 1143,1192,1224,1234,0 560,1204,639,1242,0 1086,954,1155,1000,0 722,838,799,874,0
H://train_data/electrical/all_data/4_1/000005_1.jpg 427,210,456,246,0 481,212,515,241,0 1104,208,1141,240,0
H://train_data/electrical/all_data/5_1/000013.jpg 413,899,451,956,0 259,902,308,963,0 176,908,230,962,0 111,905,166,955,0
H://train_data/electrical/all_data/5_1/000030.jpg 226,285,338,352,0 224,66,338,121,0
H://train_data/electrical/all_data/4_2/000043.jpg 165,269,217,306,0 161,159,211,190,0 165,99,219,132,0
H://train_data/electrical/all_data/2_3/000006.jpg 179,261,236,311,0 62,301,94,363,0 409,283,444,349,0
H://train_data/electrical/all_data/4_1/000001.jpg 124,460,202,537,0 70,189,144,271,0 569,185,648,270,0
H://train_data/electrical/all_data/4_2/000003.jpg 861,778,916,805,0 350,866,427,905,0 349,729,435,774,0
H://train_data/electrical/all_data/3_1/000005.jpg 1753,1179,1798,1209,0 1682,1177,1739,1219,0 1691,983,1743,1021,0 1118,985,1172,1022,0
H://train_data/electrical/all_data/1_1/000040.jpg 607,392,644,417,0 641,337,682,364,0 730,363,764,390,0 865,328,899,353,0 925,246,950,280,0 935,149,968,182,0 873,43,906,69,0 746,0,787,19,0 308,236,336,252,0 90,80,133,109,0
H://train_data/electrical/all_data/1_1/000007.jpg 490,149,561,176,0 32,96,101,122,0
H://train_data/electrical/all_data/1_1/000029.jpg 442,94,475,120,0 218,91,260,122,0 9,87,51,118,0
H://train_data/electrical/all_data/2_3/000001.jpg 800,358,854,387,0 329,355,370,385,0
H://train_data/electrical/all_data/4_2/000009.jpg 674,567,715,596,0 245,567,284,601,0
H://train_data/electrical/all_data/1_1/000036.jpg 259,337,320,402,0 9,340,67,401,0 261,113,319,183,0 10,117,69,170,0
H://train_data/electrical/all_data/5_1/000015.jpg 1272,731,1333,776,0 1271,569,1334,621,0 1104,116,1164,165,0
H://train_data/electrical/all_data/1_1/000005.jpg 353,326,387,339,0 480,151,518,163,0 321,176,360,186,0 138,355,172,367,0 34,354,68,366,0 138,257,171,273,0 35,259,69,270,0 139,161,178,180,0 35,162,69,178,0 139,68,173,80,0 35,65,69,83,0
H://train_data/electrical/all_data/4_1/000001_1.jpg 302,459,333,481,0 184,321,206,338,0 158,263,180,285,0 276,263,295,284,0
H://train_data/electrical/all_data/5_2/000003_1.jpg 135,720,169,766,0 399,719,428,765,0 155,268,185,324,0 158,156,182,208,0
H://train_data/electrical/all_data/4_2/000011.jpg 1087,1450,1145,1493,0 720,1456,772,1484,0 348,1453,397,1490,0 140,1453,189,1481,0 80,860,120,897,0 1194,1152,1252,1183,0 1132,941,1172,975,0 1114,738,1163,778,0 1081,464,1139,510,0 1072,74,1121,126,0
H://train_data/electrical/all_data/1_1/000015.jpg 549,1193,627,1235,0 279,1193,376,1273,0 553,604,631,644,0 279,602,383,697,0
H://train_data/electrical/all_data/4_1/000003_2.jpg 160,99,247,191,0
H://train_data/electrical/all_data/5_2/000004_1.jpg 31,628,54,659,0 189,631,211,659,0 86,216,108,244,0
H://train_data/electrical/all_data/3_4/000005.jpg 34,154,87,182,0
H://train_data/electrical/all_data/5_1/000046.jpg 680,400,720,443,0 43,111,80,140,0
H://train_data/electrical/all_data/4_2/000034.jpg 781,155,853,195,0 515,248,583,304,0 207,257,279,311,0 779,144,849,194,0 518,53,590,85,0
H://train_data/electrical/all_data/4_2/000031.jpg 704,1584,763,1624,0 658,1457,719,1506,0 1254,898,1315,943,0 1207,771,1266,816,0
H://train_data/electrical/all_data/1_1/000021.jpg 1581,327,1645,387,0 1294,331,1376,390,0 642,78,716,107,0 535,75,614,115,0
H://train_data/electrical/all_data/4_2/000018.jpg 406,374,509,419,0 827,133,895,153,0
H://train_data/electrical/all_data/5_1/000028.jpg 62,123,101,144,0 62,28,102,49,0
H://train_data/electrical/all_data/4_2/000001.jpg 887,1226,943,1286,0 358,1238,404,1282,0 1147,617,1191,683,0 757,615,801,685,0 293,617,331,683,0 917,102,961,195,0
H://train_data/electrical/all_data/4_2/000040.jpg 1118,961,1144,980,0 1116,881,1145,897,0 807,964,842,987,0 562,962,591,982,0 809,884,839,903,0 567,881,593,906,0 328,952,357,977,0 98,952,128,972,0 292,898,330,915,0 49,897,81,919,0 708,796,770,845,0 514,795,578,847,0 728,63,788,120,0 526,65,599,123,0
H://train_data/electrical/all_data/4_2/000033.jpg 242,393,304,417,0 670,145,722,186,0 181,46,238,83,0
H://train_data/electrical/all_data/5_1/000026.jpg 1270,631,1342,674,0
H://train_data/electrical/all_data/2_1/000001.jpg 979,347,1083,413,0 338,348,431,413,0
H://train_data/electrical/all_data/4_1/000008.jpg 979,325,1023,379,0
H://train_data/electrical/all_data/1_1/000057.jpg 82,43,237,218,0
H://train_data/electrical/all_data/4_2/000045.jpg 878,522,916,545,0 559,521,596,548,0 877,310,913,335,0 564,311,601,336,0 875,103,916,134,0 315,522,348,549,0 314,308,348,336,0 314,108,351,135,0
H://train_data/electrical/all_data/3_1/000001.jpg 482,938,509,967,0 882,944,904,966,0 497,66,520,90,0 264,66,287,90,0 177,66,201,90,0
H://train_data/electrical/all_data/5_1/000017.jpg 511,411,563,456,0 98,292,151,354,0 262,1,315,59,0
H://train_data/electrical/all_data/4_2/000017.jpg 1138,201,1204,259,0 800,201,878,262,0 268,208,346,264,0
H://train_data/electrical/all_data/1_1/000043.jpg 503,263,525,285,0 470,91,493,106,0 150,328,169,340,0 81,327,102,342,0 146,250,166,266,0 75,249,95,264,0 145,62,161,76,0 75,60,93,77,0
H://train_data/electrical/all_data/5_2/000008.jpg 290,1280,345,1333,0 227,1280,280,1339,0 397,885,446,940,0
H://train_data/electrical/all_data/4_2/000007.jpg 1036,36,1069,66,0 655,37,688,63,0
H://train_data/electrical/all_data/5_1/000031.jpg 751,89,805,122,0
H://train_data/electrical/all_data/4_1/000001_3.jpg 1220,1006,1258,1039,0 1357,1001,1390,1036,0 1485,1003,1528,1038,0 273,351,294,377,0
H://train_data/electrical/all_data/3_4/000006.jpg 457,233,516,258,0 8,233,70,258,0 6,87,62,113,0
H://train_data/electrical/all_data/5_2/000000_1.jpg 287,278,337,315,0 315,188,379,219,0
H://train_data/electrical/all_data/1_1/000028.jpg 750,153,824,212,0 368,153,441,207,0 18,145,92,194,0
H://train_data/electrical/all_data/5_1/000029.jpg 213,528,302,565,0
H://train_data/electrical/all_data/2_5/000000.jpg 207,358,262,400,0 203,24,259,79,0
H://train_data/electrical/all_data/5_2/000002.jpg 459,719,509,769,0 397,1083,453,1129,0 196,247,265,306,0 414,249,460,292,0
H://train_data/electrical/all_data/5_2/000000.jpg 310,125,377,213,0 213,646,281,732,0 461,643,528,731,0
H://train_data/electrical/all_data/1_1/000044.jpg 1272,280,1312,325,0 1000,500,1053,548,0 934,142,979,182,0 351,568,399,599,0 219,566,264,595,0 349,409,391,443,0 203,409,254,432,0 349,82,389,111,0 203,79,251,110,0
H://train_data/electrical/all_data/1_1/000054.jpg 1119,3034,1360,3226,0 256,3034,488,3244,0 1105,2751,1346,2979,0 1105,2369,1346,2606,0 256,2387,479,2601,0 1123,2077,1351,2296,0 1105,1712,1364,1931,0 251,1730,492,1967,0 1114,1366,1346,1571,0 242,1380,497,1576,0 1110,1070,1360,1302,0 1123,723,1342,964,0 247,705,479,924,0 251,346,488,569,0 265,4,479,209,0
H://train_data/electrical/all_data/4_2/000035.jpg 772,136,841,196,0 457,38,526,88,0 213,47,279,79,0
H://train_data/electrical/all_data/4_2/000036.jpg 460,98,548,164,0 361,106,447,169,0
H://train_data/electrical/all_data/5_1/000006.jpg 603,1079,693,1133,0 172,1079,267,1138,0 845,467,914,529,0 603,496,698,548,0 128,512,220,562,0
H://train_data/electrical/all_data/1_1/000016.jpg 355,330,406,360,0 200,335,268,381,0 299,93,362,134,0
H://train_data/electrical/all_data/1_1/000049.jpg 1319,744,1360,766,0 1294,571,1333,591,0 1187,562,1225,594,0 1050,669,1091,685,0 973,665,1014,690,0 877,660,916,685,0 803,662,844,689,0 537,575,580,597,0 432,575,470,598,0 292,673,333,696,0 219,671,262,696,0 119,667,158,696,0 49,673,90,696,0 1387,325,1446,356,0 1155,318,1209,357,0 874,327,953,356,0 934,185,981,217,0 804,186,856,220,0 373,318,432,354,0 96,320,155,351,0 154,192,202,215,0 32,190,79,219,0 1160,56,1215,81,0 876,53,931,84,0 603,48,662,80,0 379,56,422,81,0 92,46,155,78,0
H://train_data/electrical/all_data/2_2/000002.jpg 62,833,162,884,0 513,1003,553,1048,0 517,827,566,878,0 731,830,777,875,0
H://train_data/electrical/all_data/1_1/000014.jpg 1598,235,1653,295,0 1206,242,1261,296,0 785,243,839,295,0
H://train_data/electrical/all_data/1_1/000045.jpg 303,387,360,436,0 294,62,367,112,0
H://train_data/electrical/all_data/4_1/000002_1.jpg 20,56,58,94,0 216,240,249,280,0
H://train_data/electrical/all_data/4_2/000044.jpg 366,365,399,387,0 135,365,165,388,0 366,123,396,141,0 136,121,168,139,0
H://train_data/electrical/all_data/3_4/000002.jpg 764,17,812,56,0
H://train_data/electrical/all_data/5_1/000034.jpg 22,72,51,84,0
H://train_data/electrical/all_data/3_4/000000.jpg 428,34,474,83,0 428,171,474,218,0 101,99,152,145,0
H://train_data/electrical/all_data/4_2/000021.jpg 306,355,347,391,0 124,355,167,389,0 310,182,355,220,0 128,184,175,225,0 317,24,362,69,0 128,26,173,58,0
H://train_data/electrical/all_data/4_1/000000_1.jpg 1080,2230,1158,2295,0 1136,1891,1218,1953,0 777,1502,819,1544,0 731,993,783,1045,0
H://train_data/electrical/all_data/1_1/000033.jpg 374,893,451,1007,0 113,903,187,987,0
H://train_data/electrical/all_data/1_1/000047.jpg 455,132,508,169,0
H://train_data/electrical/all_data/3_2/000000.jpg 692,80,718,105,0
H://train_data/electrical/all_data/5_1/000035.jpg 71,1449,111,1480,0
H://train_data/electrical/all_data/1_1/000013.jpg 936,1588,990,1617,0 537,1583,594,1632,0 33,1586,90,1632,0 1070,1374,1121,1420,0 1379,1162,1436,1194,0 30,1025,84,1068,0 1154,1009,1203,1044,0 1165,696,1228,722,0 624,696,681,736,0 1335,354,1389,405,0 794,351,848,411,0
H://train_data/electrical/all_data/1_1/000025.jpg 387,60,448,97,0
H://train_data/electrical/all_data/1_1/000042.jpg 121,553,190,595,0 166,47,227,90,0
H://train_data/electrical/all_data/4_2/000015.jpg 396,296,447,331,0
H://train_data/electrical/all_data/1_1/000006.jpg 797,172,857,196,0 105,141,164,167,0
H://train_data/electrical/all_data/5_1/000022.jpg 507,0,536,21,0 98,114,140,139,0 103,78,140,101,0 101,42,138,59,0 105,1,135,22,0
H://train_data/electrical/all_data/4_2/000016.jpg 114,292,171,348,0
H://train_data/electrical/all_data/4_1/000003_1.jpg 26,101,81,160,0 249,119,293,171,0 779,97,827,156,0
H://train_data/electrical/all_data/5_1/000004.jpg 220,204,242,221,0 338,84,363,100,0
H://train_data/electrical/all_data/5_2/000003_2.jpg 119,22,156,58,0 80,22,118,56,0
H://train_data/electrical/all_data/1_1/000023.jpg 565,0,1441,41,0
H://train_data/electrical/all_data/5_1/000045.jpg 1032,214,1107,263,0 482,225,563,266,0 69,254,115,295,0
H://train_data/electrical/all_data/1_1/000001.jpg 773,370,832,389,0 777,334,834,354,0 834,97,856,128,0 606,201,636,217,0 626,76,679,142,0 326,95,353,127,0 115,70,138,92,0 95,197,128,215,0
H://train_data/electrical/all_data/5_1/000009.jpg 167,496,201,527,0 170,283,207,310,0
H://train_data/electrical/all_data/4_2/000010.jpg 731,167,766,192,0 529,42,565,68,0 199,1,252,16,0 35,59,73,85,0
H://train_data/electrical/all_data/2_2/000001.jpg 505,420,547,459,0 275,410,333,468,0 515,169,565,225,0 284,167,340,218,0
H://train_data/electrical/all_data/1_1/000009.jpg 917,1736,1011,1782,0 1238,1277,1334,1323,0 830,1333,929,1385,0 357,1800,451,1843,0 86,1800,185,1843,0 352,1554,448,1594,0 89,1548,183,1600,0 357,1305,453,1331,0 86,1308,180,1337,0 360,1059,454,1085,0 89,1056,191,1085,0
H://train_data/electrical/all_data/5_2/000001_1.jpg 12,105,50,146,0 15,298,51,334,0
H://train_data/electrical/all_data/5_1/000011.jpg 501,886,584,923,0 769,662,832,710,0 445,660,513,699,0
H://train_data/electrical/all_data/4_2/000053.jpg 1074,114,1196,174,0 202,490,292,538,0 199,258,298,308,0 193,30,280,87,0
H://train_data/electrical/all_data/4_2/000005.jpg 1608,113,1653,158,0 1007,693,1067,761,0 108,688,168,723,0
H://train_data/electrical/all_data/5_2/000007.jpg 658,132,675,150,0 891,132,905,149,0 868,253,889,272,0
H://train_data/electrical/all_data/4_2/000006.jpg 147,1487,197,1526,0 122,1391,167,1422,0 109,1299,165,1347,0 234,747,306,795,0 141,311,183,350,0 90,201,135,240,0 92,122,134,153,0 90,32,132,66,0
H://train_data/electrical/all_data/1_1/000002.jpg 1356,520,1476,632,0 1439,100,1625,328,0
H://train_data/electrical/all_data/4_1/000000.jpg 755,36,803,79,0
H://train_data/electrical/all_data/1_1/000000.jpg 1460,740,1646,771,0 1302,162,1484,216,0
H://train_data/electrical/all_data/1_1/000056.jpg 864,781,917,812,0 353,863,429,911,0 344,728,445,771,0
H://train_data/electrical/all_data/2_4/000001.jpg 728,381,793,469,0 601,384,669,470,0 456,381,521,469,0 287,379,355,467,0 200,380,265,468,0
H://train_data/electrical/all_data/3_3/000000.jpg 247,239,294,260,0 509,285,543,307,0 658,285,699,306,0
H://train_data/electrical/all_data/5_1/000024.jpg 401,459,445,491,0 153,460,200,489,0 460,248,510,279,0 551,53,586,72,0 234,40,273,66,0
H://train_data/electrical/all_data/5_1/000020.jpg 62,270,96,287,0
H://train_data/electrical/all_data/5_2/000001.jpg 481,45,526,84,0 571,269,625,339,0 370,274,422,338,0 315,270,355,340,0 517,680,552,730,0
H://train_data/electrical/all_data/1_1/000053.jpg 824,1833,1049,2019,0 16,1841,241,2013,0 818,1578,1034,1744,0 821,391,1026,593,0 16,405,232,596,0
H://train_data/electrical/all_data/1_1/000022.jpg 307,180,349,225,0
H://train_data/electrical/all_data/4_2/000032.jpg 1140,817,1209,872,0 776,812,845,870,0 446,819,522,872,0 79,817,134,882,0 1053,500,1127,551,0 425,493,503,560,0
H://train_data/electrical/all_data/5_2/000004.jpg 44,436,94,471,0 579,434,624,477,0
H://train_data/electrical/all_data/5_1/000038.jpg 368,88,604,134,0
H://train_data/electrical/all_data/4_2/000013.jpg 1183,202,1237,225,0 770,607,844,635,0 631,605,698,628,0 732,560,795,596,0 598,561,664,597,0 162,197,219,226,0
H://train_data/electrical/all_data/4_1/000002_2.jpg 183,354,241,381,0 627,339,705,384,0 272,44,348,85,0
H://train_data/electrical/all_data/5_1/000025.jpg 471,352,506,371,0
H://train_data/electrical/all_data/4_2/000051.jpg 1449,760,1529,824,0 830,765,921,821,0 229,756,323,825,0 1523,52,1615,116,0 819,54,920,112,0 130,54,222,118,0
H://train_data/electrical/all_data/1_1/000048.jpg 719,661,780,689,0 463,655,526,693,0 151,657,204,689,0 216,511,267,532,0 76,507,129,543,0 724,349,783,383,0 466,355,525,381,0 153,347,212,381,0
H://train_data/electrical/all_data/2_2/000005.jpg 96,73,132,121,0
H://train_data/electrical/all_data/4_1/000004_1.jpg 261,188,324,243,0 367,189,437,245,0
H://train_data/electrical/all_data/2_5/000002.jpg 390,370,430,392,0 142,371,180,397,0 390,412,428,438,0 140,413,183,441,0 390,96,424,119,0
H://train_data/electrical/all_data/5_1/000008.jpg 751,402,826,453,0 569,400,633,450,0 580,282,638,341,0 590,134,680,183,0 588,17,673,71,0
H://train_data/electrical/all_data/5_1/000001.jpg 68,90,142,121,0
H://train_data/electrical/all_data/4_2/000019.jpg 747,650,824,688,0 749,532,834,575,0 808,365,887,404,0 791,201,870,244,0
H://train_data/electrical/all_data/4_1/000002_3.jpg 293,214,316,238,0 297,149,319,177,0 299,89,316,112,0
H://train_data/electrical/all_data/4_2/000041.jpg 172,685,205,713,0 18,530,55,554,0 19,339,57,374,0 154,190,203,223,0
H://train_data/electrical/all_data/1_1/000019.jpg 954,386,995,438,0 656,384,717,422,0
H://train_data/electrical/all_data/5_1/000039.jpg 330,476,363,513,0 47,473,84,513,0 734,389,765,426,0 399,394,427,427,0 12,393,43,428,0 689,101,723,138,0 330,180,361,223,0 384,102,411,137,0 46,182,84,221,0 17,78,41,113,0
H://train_data/electrical/all_data/3_3/000001.jpg 381,1010,452,1047,0 1393,1022,1471,1061,0
H://train_data/electrical/all_data/1_1/000039.jpg 64,478,218,614,0
H://train_data/electrical/all_data/3_1/000004.jpg 133,65,178,84,0 551,65,595,92,0
H://train_data/electrical/all_data/1_1/000037.jpg 525,485,570,530,0 454,85,492,120,0 202,85,243,130,0 46,79,97,127,0
H://train_data/electrical/all_data/4_1/000004_3.jpg 197,156,278,179,0 618,150,704,187,0 1119,147,1197,181,0
H://train_data/electrical/all_data/5_1/000047.jpg 149,473,211,519,0 165,55,215,105,0
H://train_data/electrical/all_data/3_3/000002.jpg 563,714,634,743,0 132,713,204,743,0 562,403,633,434,0 132,403,204,432,0 562,78,633,110,0 131,78,203,108,0
H://train_data/electrical/all_data/5_1/000019.jpg 576,122,821,222,0
H://train_data/electrical/all_data/2_4/000000.jpg 648,52,712,120,0 456,47,517,124,0
H://train_data/electrical/all_data/5_2/000006.jpg 739,509,772,554,0 515,509,527,531,0 513,707,527,729,0 754,707,771,730,0
H://train_data/electrical/all_data/5_1/000041.jpg 52,688,86,720,0 160,598,192,629,0 120,594,151,633,0 102,376,142,424,0 12,384,43,418,0 20,277,52,311,0 105,123,140,160,0 12,126,46,163,0 40,33,75,72,0
H://train_data/electrical/all_data/1_1/000008.jpg 215,517,224,555,0 201,516,219,554,0 179,95,292,165,0 79,93,177,156,0
H://train_data/electrical/all_data/2_3/000005.jpg 337,319,381,343,0 445,319,482,337,0 69,238,96,280,0 175,188,207,220,0
H://train_data/electrical/all_data/5_1/000043.jpg 460,1271,530,1309,0 460,1066,526,1110,0 466,872,530,916,0
H://train_data/electrical/all_data/4_2/000042.jpg 306,195,356,228,0 127,226,176,269,0
H://train_data/electrical/all_data/5_2/000002_2.jpg 966,1125,1015,1162,0 956,947,1001,972,0 182,85,247,120,0
H://train_data/electrical/all_data/2_3/000002.jpg 484,416,535,453,0 219,99,265,142,0 619,592,679,636,0
H://train_data/electrical/all_data/1_1/000034.jpg 19,4,57,51,0
H://train_data/electrical/all_data/1_1/000018.jpg 732,530,878,612,0 735,95,877,180,0
H://train_data/electrical/all_data/4_1/000007.jpg 305,1076,374,1129,0 174,1076,239,1129,0 277,763,358,815,0 427,108,466,147,0
H://train_data/electrical/all_data/4_1/000000_3.jpg 13,243,44,269,0 319,236,356,279,0
H://train_data/electrical/all_data/2_2/000000.jpg 138,72,179,102,0 272,72,298,107,0
H://train_data/electrical/all_data/1_1/000032.jpg 1041,1097,1116,1195,0 614,1096,701,1193,0 200,1096,287,1196,0 925,624,1005,727,0 518,622,598,722,0 114,632,192,704,0 292,496,355,589,0 39,498,106,588,0
H://train_data/electrical/all_data/2_3/000000.jpg 192,90,281,138,0 197,451,279,499,0
H://train_data/electrical/all_data/5_2/000004_2.jpg 1203,46,1248,73,0 337,165,353,181,0 279,87,295,102,0
H://train_data/electrical/all_data/2_2/000003.jpg 260,75,301,107,0 110,78,140,115,0
H://train_data/electrical/all_data/5_1/000010.jpg 244,400,281,421,0 359,302,389,321,0 222,301,248,323,0
H://train_data/electrical/all_data/1_1/000020.jpg 492,21,546,48,0 396,20,464,51,0
H://train_data/electrical/all_data/5_1/000002.jpg 1542,106,1579,158,0 1071,273,1129,315,0 271,285,370,346,0
H://train_data/electrical/all_data/2_3/000003.jpg 588,524,650,564,0 64,526,113,559,0
H://train_data/electrical/all_data/5_1/000014.jpg 64,979,98,1019,0 211,844,257,873,0 54,835,95,881,0 143,695,184,730,0 137,573,189,608,0 242,344,276,384,0 240,86,275,121,0
H://train_data/electrical/all_data/1_1/000055.jpg 988,1125,1202,1339,0 68,1118,280,1315,0 986,548,1202,737,0 1000,293,1207,471,0 64,545,278,736,0 72,295,288,463,0
H://train_data/electrical/all_data/5_1/000021.jpg 331,748,389,778,0 524,623,572,653,0 608,569,666,604,0 524,531,570,558,0 524,466,568,498,0 671,313,726,343,0 632,117,687,144,0 585,29,626,56,0 177,138,221,168,0 126,73,175,98,0 180,10,228,31,0
H://train_data/electrical/all_data/1_1/000027.jpg 298,265,329,287,0 57,172,87,196,0 180,67,211,91,0
H://train_data/electrical/all_data/1_1/000051.jpg 1414,236,1459,260,0 1390,53,1431,85,0 1277,55,1318,83,0 1144,155,1185,178,0 1066,155,1107,176,0 968,153,1007,174,0 900,153,937,179,0 866,367,911,391,0 695,367,730,391,0 467,306,506,332,0 582,59,617,87,0 471,53,508,87,0 330,157,369,187,0 258,157,299,176,0 160,151,197,179,0 86,157,129,185,0
H://train_data/electrical/all_data/5_2/000009.jpg 326,354,364,394,0 955,349,995,397,0
H://train_data/electrical/all_data/1_1/000046.jpg 547,120,600,161,0
H://train_data/electrical/all_data/3_4/000004.jpg 227,186,291,235,0 127,352,184,403,0
H://train_data/electrical/all_data/5_1/000027.jpg 496,775,547,806,0 500,615,548,643,0 500,476,551,501,0 495,316,550,343,0 503,174,543,203,0
H://train_data/electrical/all_data/1_1/000026.jpg 478,233,514,278,0
H://train_data/electrical/all_data/4_2/000037.jpg 870,6,1007,81,0 670,4,821,93,0
H://train_data/electrical/all_data/4_2/000020.jpg 277,355,308,385,0 70,164,99,200,0
H://train_data/electrical/all_data/4_1/000006.jpg 679,515,734,549,0 682,589,737,634,0
H://train_data/electrical/all_data/4_2/000022.jpg 378,280,500,321,0
H://train_data/electrical/all_data/3_1/000002.jpg 171,21,207,47,0 441,22,470,48,0 321,22,356,51,0
H://train_data/electrical/all_data/5_1/000018.jpg 402,110,567,169,0
H://train_data/electrical/all_data/4_1/000002.jpg 1594,47,1673,85,0
H://train_data/electrical/all_data/4_2/000012.jpg 773,560,821,583,0 564,557,603,589,0 1191,417,1230,443,0 825,414,861,443,0 449,417,491,443,0 245,415,284,444,0 988,290,1029,318,0 615,288,656,319,0 411,290,442,326,0 757,142,793,173,0 551,141,585,173,0
H://train_data/electrical/all_data/3_4/000008.jpg 1278,1184,1422,1255,0 376,1184,528,1250,0
H://train_data/electrical/all_data/4_2/000023.jpg 159,100,211,174,0 96,102,151,168,0 31,94,83,172,0 156,12,218,89,0 94,13,149,87,0 27,15,81,83,0 102,258,167,320,0
H://train_data/electrical/all_data/4_1/000005_2.jpg 375,155,444,210,0 518,157,581,206,0
H://train_data/electrical/all_data/5_1/000007.jpg 310,113,414,162,0
H://train_data/electrical/all_data/5_1/000012.jpg 413,484,457,519,0 630,400,669,435,0 517,401,559,428,0 413,405,453,432,0 697,316,741,348,0 638,320,674,352,0 518,314,560,348,0 419,319,455,351,0
H://train_data/electrical/all_data/4_2/000028.jpg 580,825,623,847,0 371,827,407,852,0 586,644,626,665,0 438,639,486,666,0
H://train_data/electrical/all_data/5_2/000001_2.jpg 1143,293,1227,395,0 1027,275,1114,393,0 474,691,537,797,0
H://train_data/electrical/all_data/1_1/000003.jpg 609,567,648,631,0 195,762,247,803,0 230,529,325,655,0 618,116,668,164,0 212,298,262,335,0 239,62,282,114,0
H://train_data/electrical/all_data/4_1/000009.jpg 439,512,536,593,0 298,512,395,593,0 484,142,572,201,0 240,139,337,203,0
H://train_data/electrical/all_data/5_2/000006_1.jpg 94,164,113,181,0 64,161,86,176,0 162,107,183,123,0
H://train_data/electrical/all_data/5_1/000023.jpg 603,244,682,277,0
H://train_data/electrical/all_data/3_4/000001.jpg 262,167,371,249,0 1268,167,1369,243,0
H://train_data/electrical/all_data/4_2/000027.jpg 769,264,812,284,0 538,264,582,285,0 772,116,813,139,0 609,117,654,140,0
H://train_data/electrical/all_data/1_1/000024.jpg 291,111,350,143,0
H://train_data/electrical/all_data/3_1/000003.jpg 361,60,409,95,0
H://train_data/electrical/all_data/4_2/000049.jpg 1044,265,1086,306,0 1037,212,1080,251,0 1044,161,1085,195,0 1030,94,1091,143,0 286,475,347,508,0 666,175,729,213,0 449,169,516,204,0 247,169,306,210,0 26,159,98,207,0
H://train_data/electrical/all_data/4_2/000030.jpg 627,153,652,174,0 488,149,512,173,0 596,31,624,53,0
H://train_data/electrical/all_data/1_1/000011.jpg 768,740,857,826,0 768,395,857,475,0 768,88,857,171,0 856,753,952,829,0 857,401,951,478,0 856,88,943,161,0 284,201,465,307,0 128,195,285,311,0
H://train_data/electrical/all_data/4_1/000003.jpg 285,295,332,328,0 15,297,64,326,0
H://train_data/electrical/all_data/1_1/000050.jpg 1593,244,1628,259,0 1410,244,1448,263,0 1214,244,1253,260,0 1257,160,1289,175,0 1169,158,1205,177,0 1586,46,1630,62,0 1413,45,1458,62,0 1214,45,1253,62,0 1009,238,1040,260,0 842,238,884,254,0 651,231,683,259,0 684,145,726,164,0 600,144,633,163,0 846,48,888,68,0 646,42,682,67,0 263,228,299,254,0 69,238,110,258,0 107,139,143,162,0 20,139,53,161,0 429,37,471,63,0 269,40,302,65,0 67,45,105,64,0
H://train_data/electrical/all_data/5_2/000003.jpg 2561,1492,2651,1566,0 3578,1577,3662,1618,0 1082,1791,1136,1819,0
H://train_data/electrical/all_data/2_2/000004.jpg 84,63,140,111,0 49,237,94,291,0 249,247,294,292,0
H://train_data/electrical/all_data/2_5/000001.jpg 413,139,451,185,0
H://train_data/electrical/all_data/4_1/000003_3.jpg 164,158,229,253,0
H://train_data/electrical/all_data/5_1/000003.jpg 214,154,237,167,0
H://train_data/electrical/all_data/5_2/000005.jpg 641,244,756,332,0 1319,175,1416,254,0
H://train_data/electrical/all_data/1_1/000010.jpg 814,1052,866,1077,0 184,1048,248,1079,0
H://train_data/electrical/all_data/4_2/000052.jpg 213,499,306,566,0 219,134,325,203,0
H://train_data/electrical/all_data/4_2/000047.jpg 1941,40,1984,70,0 1682,44,1728,74,0 1465,40,1511,74,0 1161,45,1205,74,0 995,44,1036,76,0 804,40,850,76,0 413,38,464,68,0 217,37,265,73,0
H://train_data/electrical/all_data/3_1/000000.jpg 152,174,180,200,0 152,137,180,160,0 154,97,187,125,0 155,57,184,79,0
H://train_data/electrical/all_data/4_2/000029.jpg 349,84,389,113,0 444,39,475,72,0 134,41,178,74,0
H://train_data/electrical/all_data/4_2/000004.jpg 453,440,500,463,0 453,434,497,472,0 40,437,87,464,0 165,135,196,161,0
H://train_data/electrical/all_data/4_2/000008.jpg 725,315,764,347,0 265,315,304,346,0
H://train_data/electrical/all_data/5_1/000042.jpg 21,169,44,187,0 23,115,47,131,0 21,60,44,74,0
H://train_data/electrical/all_data/1_1/000030.jpg 438,97,476,127,0 217,89,259,129,0 14,96,53,120,0
H://train_data/electrical/all_data/1_1/000038.jpg 965,559,1052,634,0 282,553,414,636,0 969,263,1052,342,0 287,269,417,345,0
H://train_data/electrical/all_data/4_2/000038.jpg 487,61,504,80,0 488,23,506,37,0 68,25,100,57,0 5,25,32,55,0
H://train_data/electrical/all_data/4_1/000004.jpg 27,269,60,287,0 22,129,66,160,0
H://train_data/electrical/all_data/5_1/000000.jpg 134,259,185,286,0 43,57,90,83,0 499,349,766,355,0
H://train_data/electrical/all_data/4_2/000046.jpg 1945,37,1993,74,0 1693,45,1736,75,0 1480,40,1521,74,0 1187,47,1231,72,0 1187,44,1226,74,0 1016,49,1059,76,0 830,47,874,75,0 456,31,502,70,0 262,40,301,70,0
H://train_data/electrical/all_data/3_4/000003.jpg 133,185,186,235,0 32,11,89,60,0 30,346,91,387,0
H://train_data/electrical/all_data/1_1/000017.jpg 390,421,435,479,0 386,312,437,367,0 384,132,439,188,0 386,21,439,77,0 70,130,120,189,0
H://train_data/electrical/all_data/4_2/000025.jpg 699,101,742,133,0
H://train_data/electrical/all_data/1_1/000031.jpg 1088,1134,1159,1214,0 790,1136,863,1211,0 1090,825,1161,910,0 791,830,859,903,0
H://train_data/electrical/all_data/5_2/000000_2.jpg 17,2,93,72,0 559,2,635,73,0
H://train_data/electrical/all_data/5_1/000040.jpg 19,674,61,718,0 145,566,187,606,0 13,389,57,423,0 94,279,140,317,0 139,283,179,319,0 296,131,338,171,0 383,25,421,69,0 426,27,470,67,0
H://train_data/electrical/all_data/4_1/000001_2.jpg 1177,67,1248,151,0 1352,68,1412,141,0
H://train_data/electrical/all_data/4_1/000000_2.jpg 374,175,411,220,0 186,235,234,270,0
H://train_data/electrical/all_data/4_2/000000.jpg 255,368,292,399,0
H://train_data/electrical/all_data/5_1/000036.jpg 87,765,173,823,0 259,71,308,116,0
H://train_data/electrical/all_data/3_1/000006.jpg 1213,254,1342,300,0 1229,34,1364,93,0
H://train_data/electrical/all_data/1_1/000035.jpg 47,510,119,579,0
H://train_data/electrical/all_data/5_2/000002_1.jpg 319,1218,393,1278,0 318,1143,392,1201,0 317,1066,393,1125,0
H://train_data/electrical/all_data/2_1/000000.jpg 135,266,180,284,0
